0 0.5890625 0.589583333333 0.071875 0.104166666667
0 0.4203125 0.408333333333 0.059375 0.0666666666667
0 0.5453125 0.877083333333 0.078125 0.1125
0 0.55625 0.704166666667 0.06875 0.125
0 0.3671875 0.672916666667 0.096875 0.1125
0 0.1953125 0.74375 0.096875 0.154166666667
0 0.278125 0.639583333333 0.08125 0.104166666667
0 0.396875 0.533333333333 0.06875 0.0916666666667
0 0.496875 0.427083333333 0.05625 0.0708333333333
0 0.49375 0.508333333333 0.05625 0.0666666666667
0 0.265625 0.795833333333 0.125 0.166666666667
0 0.44375 0.575 0.0875 0.1
0 0.31875 0.9 0.15 0.141666666667
0 0.1078125 0.535416666667 0.203125 0.2125
