0 0.0734375 0.897916666667 0.121875 0.179166666667
0 0.21875 0.7125 0.09375 0.116666666667
0 0.2015625 0.879166666667 0.090625 0.158333333333
0 0.3375 0.864583333333 0.15 0.179166666667
0 0.346875 0.654166666667 0.15 0.2
0 0.5078125 0.616666666667 0.084375 0.075
0 0.5265625 0.827083333333 0.078125 0.1625
0 0.55 0.539583333333 0.05625 0.0541666666667
0 0.4609375 0.514583333333 0.128125 0.179166666667
0 0.4234375 0.727083333333 0.084375 0.0958333333333
0 0.3515625 0.3875 0.053125 0.05
0 0.4328125 0.34375 0.040625 0.0541666666667
0 0.471875 0.30625 0.04375 0.0375
