0 0.4703125 0.29375 0.071875 0.0875
0 0.1046875 0.533333333333 0.184375 0.241666666667
0 0.1171875 0.602083333333 0.115625 0.1375
0 0.4921875 0.4125 0.046875 0.0583333333333
0 0.4875 0.514583333333 0.05 0.0625
0 0.4609375 0.464583333333 0.046875 0.0708333333333
0 0.5296875 0.835416666667 0.103125 0.320833333333
0 0.434375 0.591666666667 0.06875 0.0916666666667
0 0.43125 0.7 0.1125 0.133333333333
0 0.34375 0.572916666667 0.075 0.120833333333
0 0.2375 0.675 0.1 0.108333333333
0 0.096875 0.847916666667 0.10625 0.145833333333
0 0.23125 0.8625 0.29375 0.291666666667
0 0.334375 0.691666666667 0.1 0.125
