0 0.56875 0.595833333333 0.0875 0.175
0 0.5234375 0.852083333333 0.071875 0.154166666667
0 0.3921875 0.78125 0.109375 0.170833333333
0 0.3453125 0.70625 0.071875 0.0875
0 0.4375 0.5875 0.0625 0.0833333333333
0 0.496875 0.470833333333 0.1 0.125
0 0.384375 0.560416666667 0.075 0.0875
0 0.3109375 0.625 0.071875 0.075
0 0.184375 0.747916666667 0.10625 0.1375
0 0.2203125 0.83125 0.121875 0.170833333333
0 0.1140625 0.522916666667 0.203125 0.229166666667
0 0.1203125 0.622916666667 0.090625 0.0958333333333
0 0.271875 0.54375 0.0875 0.0958333333333
0 0.3796875 0.41875 0.059375 0.0541666666667
0 0.4546875 0.341666666667 0.059375 0.0833333333333
0 0.071875 0.85625 0.13125 0.129166666667
