0 0.6015625 0.55 0.078125 0.166666666667
0 0.475 0.529166666667 0.0625 0.1
0 0.453125 0.470833333333 0.125 0.116666666667
0 0.39375 0.629166666667 0.1 0.0916666666667
0 0.3078125 0.452083333333 0.078125 0.0458333333333
0 0.26875 0.529166666667 0.0875 0.075
0 0.1296875 0.597916666667 0.096875 0.104166666667
0 0.090625 0.535416666667 0.15625 0.2125
0 0.2359375 0.704166666667 0.090625 0.1
0 0.2359375 0.870833333333 0.328125 0.266666666667
0 0.3578125 0.56875 0.078125 0.104166666667
0 0.4546875 0.339583333333 0.053125 0.0625
0 0.090625 0.870833333333 0.15 0.191666666667
