0 0.8890625 0.714583333333 0.215625 0.295833333333
0 0.659375 0.664583333333 0.18125 0.220833333333
0 0.915625 0.370833333333 0.10625 0.125
0 0.403125 0.175 0.08125 0.0833333333333
0 0.14375 0.152083333333 0.1125 0.145833333333
0 0.2234375 0.141666666667 0.090625 0.108333333333
0 0.3015625 0.0583333333333 0.109375 0.0916666666667
0 0.48125 0.35 0.1875 0.216666666667
0 0.5921875 0.229166666667 0.190625 0.183333333333
0 0.2796875 0.09375 0.053125 0.0625
0 0.6390625 0.172916666667 0.096875 0.0791666666667
