0 0.6625 0.53125 0.13125 0.170833333333
0 0.46875 0.497916666667 0.14375 0.154166666667
0 0.309375 0.245833333333 0.06875 0.0833333333333
0 0.81875 0.460416666667 0.1625 0.2125
0 0.928125 0.422916666667 0.125 0.120833333333
0 0.7859375 0.28125 0.209375 0.2125
0 0.7078125 0.325 0.096875 0.0916666666667
0 0.6015625 0.3125 0.103125 0.108333333333
0 0.6015625 0.1875 0.103125 0.1
0 0.5359375 0.208333333333 0.084375 0.0916666666667
0 0.4140625 0.172916666667 0.103125 0.1125
0 0.5015625 0.133333333333 0.103125 0.133333333333
0 0.30625 0.11875 0.0625 0.0541666666667
0 0.346875 0.0895833333333 0.08125 0.0541666666667
0 0.3734375 0.0666666666667 0.084375 0.075
