0 0.290625 0.220833333333 0.075 0.0666666666667
0 0.8234375 0.39375 0.121875 0.154166666667
0 0.690625 0.397916666667 0.1375 0.104166666667
0 0.9421875 0.577083333333 0.103125 0.120833333333
0 0.8046875 0.289583333333 0.246875 0.254166666667
0 0.5125 0.235416666667 0.15 0.1625
0 0.3796875 0.164583333333 0.065625 0.0708333333333
0 0.30625 0.102083333333 0.09375 0.0958333333333
0 0.40625 0.0895833333333 0.0625 0.0791666666667
0 0.4703125 0.11875 0.065625 0.0625
0 0.546875 0.127083333333 0.075 0.0708333333333
0 0.8640625 0.7 0.178125 0.183333333333
