0 0.484375 0.49375 0.125 0.154166666667
0 0.3484375 0.51875 0.121875 0.145833333333
0 0.15 0.154166666667 0.05 0.075
0 0.16875 0.09375 0.05 0.0791666666667
0 0.8578125 0.5 0.128125 0.15
0 0.8640625 0.333333333333 0.159375 0.191666666667
0 0.675 0.333333333333 0.1875 0.2
0 0.6703125 0.258333333333 0.190625 0.2
0 0.4953125 0.0979166666667 0.153125 0.1625
0 0.55 0.225 0.06875 0.116666666667
0 0.4921875 0.2375 0.103125 0.0833333333333
0 0.4640625 0.158333333333 0.071875 0.0833333333333
0 0.3796875 0.16875 0.109375 0.0958333333333
0 0.309375 0.11875 0.0625 0.0708333333333
0 0.3484375 0.0875 0.078125 0.075
