0 0.7921875 0.677083333333 0.153125 0.1875
0 0.23125 0.210416666667 0.125 0.1375
0 0.3125 0.254166666667 0.05625 0.1
0 0.88125 0.447916666667 0.14375 0.1375
0 0.8796875 0.325 0.215625 0.216666666667
0 0.671875 0.377083333333 0.10625 0.1125
0 0.603125 0.241666666667 0.2 0.158333333333
0 0.49375 0.229166666667 0.09375 0.0916666666667
0 0.3625 0.154166666667 0.06875 0.0583333333333
0 0.4046875 0.116666666667 0.059375 0.0666666666667
0 0.4609375 0.120833333333 0.071875 0.0666666666667
0 0.334375 0.0875 0.06875 0.0666666666667
0 0.25625 0.0770833333333 0.0875 0.0791666666667
0 0.6109375 0.239583333333 0.165625 0.179166666667
