0 0.8390625 0.779166666667 0.290625 0.316666666667
0 0.3265625 0.2375 0.090625 0.1
0 0.8109375 0.35 0.184375 0.208333333333
0 0.8640625 0.5125 0.140625 0.133333333333
0 0.940625 0.41875 0.08125 0.170833333333
0 0.6625 0.222916666667 0.1375 0.1625
0 0.60625 0.308333333333 0.1375 0.125
0 0.634375 0.247916666667 0.10625 0.129166666667
0 0.553125 0.175 0.06875 0.0916666666667
0 0.4921875 0.2375 0.059375 0.0916666666667
0 0.409375 0.172916666667 0.08125 0.0791666666667
0 0.3390625 0.13125 0.065625 0.0541666666667
0 0.34375 0.075 0.11875 0.116666666667
0 0.4453125 0.0895833333333 0.096875 0.104166666667
0 0.2328125 0.0645833333333 0.059375 0.0958333333333
