0 0.2609375 0.620833333333 0.084375 0.116666666667
0 0.2875 0.491666666667 0.06875 0.075
0 0.2 0.347916666667 0.0625 0.0708333333333
0 0.1546875 0.410416666667 0.053125 0.0791666666667
0 0.3234375 0.320833333333 0.059375 0.0916666666667
0 0.375 0.352083333333 0.0625 0.0625
0 0.371875 0.422916666667 0.05 0.0958333333333
0 0.4296875 0.385416666667 0.059375 0.0708333333333
0 0.43125 0.4875 0.075 0.1
0 0.5359375 0.558333333333 0.134375 0.216666666667
0 0.6515625 0.589583333333 0.096875 0.1125
0 0.7515625 0.5625 0.128125 0.133333333333
0 0.6265625 0.439583333333 0.165625 0.170833333333
0 0.8515625 0.566666666667 0.084375 0.1
