0 0.6234375 0.729166666667 0.115625 0.141666666667
0 0.7390625 0.6875 0.121875 0.133333333333
0 0.815625 0.60625 0.15 0.145833333333
0 0.55625 0.516666666667 0.08125 0.0916666666667
0 0.525 0.414583333333 0.1 0.104166666667
0 0.43125 0.427083333333 0.08125 0.0791666666667
0 0.321875 0.377083333333 0.05625 0.0875
0 0.3609375 0.360416666667 0.059375 0.0708333333333
0 0.2265625 0.24375 0.059375 0.0708333333333
0 0.284375 0.220833333333 0.0625 0.0833333333333
0 0.45 0.372916666667 0.075 0.0708333333333
