0 0.375 0.685416666667 0.125 0.2875
0 0.225 0.56875 0.075 0.120833333333
0 0.271875 0.452083333333 0.06875 0.0875
0 0.1671875 0.4375 0.046875 0.0916666666667
0 0.178125 0.333333333333 0.0375 0.05
0 0.5265625 0.604166666667 0.103125 0.125
0 0.6203125 0.5625 0.071875 0.116666666667
0 0.728125 0.554166666667 0.11875 0.125
0 0.565625 0.44375 0.06875 0.0958333333333
0 0.446875 0.489583333333 0.1125 0.145833333333
0 0.365625 0.43125 0.075 0.0708333333333
0 0.4484375 0.372916666667 0.109375 0.0958333333333
0 0.3765625 0.345833333333 0.028125 0.0666666666667
0 0.33125 0.327083333333 0.05625 0.0625
